0 0.8471760797342193 0.9339887640449438 0.06312292358803986 0.1151685393258427
0 0.978405315614618 0.6839887640449438 0.03322259136212625 0.09831460674157304
0 0.9194352159468439 0.6867977528089888 0.03488372093023256 0.08146067415730338
0 0.8014950166112956 0.9241573033707865 0.06478405315614617 0.12359550561797752
0 0.6636212624584718 0.9241573033707865 0.07807308970099668 0.06741573033707865
0 0.5481727574750831 0.898876404494382 0.053156146179401995 0.10112359550561797
0 0.7068106312292359 0.5589887640449438 0.014950166112956811 0.0449438202247191
0 0.6852159468438538 0.5589887640449438 0.014950166112956811 0.028089887640449437
0 0.5240863787375415 0.6825842696629213 0.03820598006644518 0.056179775280898875
0 0.4426910299003322 0.7443820224719101 0.07475083056478406 0.2247191011235955
0 0.38704318936877075 0.9269662921348315 0.12292358803986711 0.11797752808988764
0 0.14285714285714285 0.9269662921348315 0.046511627906976744 0.11235955056179775
0 0.06976744186046512 0.9129213483146067 0.08305647840531562 0.11235955056179775
