0 0.83375 0.9155555555555556 0.045 0.1288888888888889
0 0.95125 0.7722222222222223 0.0375 0.09555555555555556
0 0.975625 0.8677777777777778 0.03375 0.07777777777777778
0 0.93 0.9366666666666666 0.08 0.08666666666666667
0 0.63625 0.9277777777777778 0.0475 0.10444444444444445
0 0.555625 0.9255555555555556 0.09625 0.08666666666666667
0 0.395625 0.9422222222222222 0.04125 0.08888888888888889
0 0.385 0.8911111111111111 0.085 0.12
0 0.194375 0.9311111111111111 0.04875 0.08
0 0.054375 0.8766666666666667 0.08375 0.06444444444444444
