0 0.8385185185185186 0.3163888888888889 0.05925925925925926 0.029444444444444443
0 0.7466666666666667 0.3136111111111111 0.07703703703703704 0.030555555555555555
0 0.25703703703703706 0.31527777777777777 0.0874074074074074 0.021666666666666667
0 0.1874074074074074 0.3005555555555556 0.057777777777777775 0.04888888888888889
0 0.31851851851851853 0.6441666666666667 0.14814814814814814 0.030555555555555555
0 0.22 0.6333333333333333 0.1288888888888889 0.022222222222222223
0 0.7340740740740741 0.6469444444444444 0.12 0.03388888888888889
0 0.8103703703703704 0.6472222222222223 0.08296296296296296 0.024444444444444446
0 0.7814814814814814 0.9736111111111111 0.0874074074074074 0.035
0 0.7014814814814815 0.9805555555555555 0.1111111111111111 0.03222222222222222
0 0.30518518518518517 0.9833333333333333 0.08296296296296296 0.02666666666666667
0 0.22148148148148147 0.97 0.06962962962962962 0.025555555555555557
