0 0.32916666666666666 0.6754098360655738 0.03833333333333333 0.1180327868852459
0 0.4058333333333333 0.8721311475409836 0.06166666666666667 0.09836065573770492
0 0.08666666666666667 0.8754098360655738 0.02666666666666667 0.05245901639344262
0 0.06833333333333333 0.8770491803278688 0.023333333333333334 0.08852459016393442
0 0.23416666666666666 0.8852459016393442 0.058333333333333334 0.05245901639344262
0 0.26916666666666667 0.8491803278688524 0.041666666666666664 0.019672131147540985
0 0.5475 0.8442622950819673 0.041666666666666664 0.10819672131147541
0 0.5708333333333333 0.8442622950819673 0.041666666666666664 0.09508196721311475
0 0.7041666666666667 0.8688524590163934 0.041666666666666664 0.06557377049180328
0 0.7416666666666667 0.8475409836065574 0.03666666666666667 0.08852459016393442
