0 0.4757142857142857 0.937070938215103 0.06857142857142857 0.10755148741418764
0 0.555 0.7929061784897025 0.05 0.14416475972540047
0 0.82 0.9553775743707094 0.06285714285714286 0.08009153318077804
0 0.7821428571428571 0.8913043478260869 0.05857142857142857 0.14874141876430205
0 0.7278571428571429 0.8318077803203662 0.047142857142857146 0.08466819221967964
0 0.875 0.9176201372997712 0.05 0.08695652173913043
0 0.645 0.665903890160183 0.047142857142857146 0.059496567505720827
0 0.25 0.9530892448512586 0.11142857142857143 0.08009153318077804
0 0.13142857142857142 0.948512585812357 0.08857142857142856 0.09382151029748284
0 0.2857142857142857 0.6006864988558352 0.03142857142857143 0.08466819221967964
