0 0.9385 0.41529235382308843 0.115 0.15592203898050974
0 0.863 0.4625187406296852 0.158 0.18140929535232383
0 0.768 0.4085457271364318 0.116 0.2683658170914543
0 0.6635 0.5374812593703149 0.107 0.15742128935532235
0 0.548 0.4827586206896552 0.138 0.14992503748125938
0 0.5805 0.6806596701649176 0.213 0.1889055472263868
0 0.3325 0.4782608695652174 0.071 0.272863568215892
0 0.414 0.7841079460269865 0.22 0.23388305847076463
0 0.168 0.5112443778110944 0.096 0.3598200899550225
0 0.1295 0.8823088455772113 0.225 0.22338830584707647
