0 0.6014084507042253 0.8816666666666667 0.09107981220657277 0.14333333333333334
0 0.7638497652582159 0.8683333333333333 0.10610328638497653 0.07666666666666666
0 0.8647887323943662 0.7916666666666666 0.05070422535211268 0.06666666666666667
0 0.9403755868544601 0.7808333333333334 0.05352112676056338 0.041666666666666664
0 0.4309859154929577 0.8091666666666667 0.09014084507042254 0.21166666666666667
0 0.4572769953051643 0.77 0.0676056338028169 0.19333333333333333
0 0.2953051643192488 0.9175 0.09859154929577464 0.135
0 0.40469483568075115 0.9375 0.10328638497652583 0.09833333333333333
0 0.23896713615023474 0.9325 0.0647887323943662 0.11166666666666666
0 0.17981220657276994 0.9275 0.04225352112676056 0.11166666666666666
0 0.22535211267605634 0.7 0.06572769953051644 0.13
0 0.3488262910798122 0.87 0.06291079812206572 0.12
0 0.16291079812206571 0.2725 0.1267605633802817 0.115
