0 0.8602272727272727 0.315625 0.15833333333333333 0.12875
0 0.8965909090909091 0.685 0.14924242424242423 0.45
0 0.706060606060606 0.575625 0.05909090909090909 0.08875
0 0.7064393939393939 0.575 0.058333333333333334 0.0875
0 0.7064393939393939 0.5775 0.058333333333333334 0.0825
0 0.7113636363636363 0.87 0.08636363636363636 0.25
0 0.6329545454545454 0.580625 0.0446969696969697 0.08875
0 0.7568181818181818 0.079375 0.09090909090909091 0.15125
0 0.4856060606060606 0.08 0.05606060606060606 0.04
0 0.543939393939394 0.080625 0.05606060606060606 0.04875
0 0.6056818181818182 0.078125 0.059848484848484845 0.05125
0 0.48143939393939394 0.156875 0.059848484848484845 0.04625
0 0.409469696969697 0.1525 0.055303030303030305 0.045
0 0.4140151515151515 0.07875 0.05378787878787879 0.0375
0 0.409469696969697 0.013125 0.059848484848484845 0.01375
0 0.4106060606060606 0.87 0.04393939393939394 0.0325
0 0.36666666666666664 0.87125 0.024242424242424242 0.035
0 0.32916666666666666 0.8725 0.04924242424242424 0.0375
0 0.45416666666666666 0.8625 0.01893939393939394 0.04
0 0.4882575757575758 0.8575 0.038636363636363635 0.03
