0 0.13866666666666666 0.7654028436018957 0.14933333333333335 0.24170616113744076
0 0.256 0.6161137440758294 0.128 0.1990521327014218
0 0.42933333333333334 0.8933649289099526 0.16533333333333333 0.1848341232227488
0 0.5386666666666666 0.8412322274881516 0.13866666666666666 0.23222748815165878
0 0.7533333333333333 0.8199052132701422 0.14666666666666667 0.20853080568720378
0 0.6106666666666667 0.6279620853080569 0.08533333333333333 0.26066350710900477
0 0.768 0.6374407582938388 0.10666666666666667 0.10900473933649289
0 0.8293333333333334 0.7488151658767772 0.08 0.10426540284360189
0 0.8493333333333334 0.44549763033175355 0.034666666666666665 0.16113744075829384
0 0.9386666666666666 0.6872037914691943 0.112 0.1990521327014218
