0 0.933125 0.9277777777777778 0.08875 0.11777777777777777
0 0.960625 0.7444444444444445 0.03375 0.15555555555555556
0 0.981875 0.8777777777777778 0.02625 0.06222222222222222
0 0.84375 0.9144444444444444 0.0575 0.12222222222222222
0 0.69125 0.9266666666666666 0.0525 0.10222222222222223
0 0.61125 0.8844444444444445 0.0675 0.12444444444444444
0 0.38875 0.9322222222222222 0.045 0.1
0 0.318125 0.9411111111111111 0.07625 0.09111111111111111
0 0.15375 0.9266666666666666 0.06 0.12
0 0.059375 0.9166666666666666 0.08375 0.09555555555555556
