0 0.515 0.3887147335423197 0.19153846153846155 0.219435736677116
0 0.17461538461538462 0.3955067920585162 0.12615384615384614 0.12016718913270637
0 0.2903846153846154 0.19383490073145246 0.07769230769230769 0.11598746081504702
0 0.545 0.13584117032392895 0.04692307692307692 0.08150470219435736
0 0.66 0.2225705329153605 0.07230769230769231 0.07105538140020899
0 0.7592307692307693 0.21055381400208986 0.10615384615384615 0.09926854754440961
0 0.8557692307692307 0.2387669801462905 0.08692307692307692 0.1891327063740857
0 0.9634615384615385 0.3218390804597701 0.06230769230769231 0.08150470219435736
0 0.04961538461538462 0.1974921630094044 0.06384615384615384 0.05851619644723093
0 0.9396153846153846 0.21525600835945663 0.06384615384615384 0.04597701149425287
