0 0.8282051282051283 0.8272311212814645 0.14102564102564102 0.2585812356979405
0 0.8955128205128206 0.8066361556064073 0.16794871794871793 0.2540045766590389
0 0.7275641025641025 0.7906178489702517 0.10128205128205128 0.30434782608695654
0 0.6628205128205128 0.7883295194508009 0.08461538461538462 0.30892448512585813
0 0.5333333333333333 0.8329519450800915 0.08205128205128205 0.2562929061784897
0 0.4564102564102564 0.8272311212814645 0.09743589743589744 0.2814645308924485
0 0.3532051282051282 0.8089244851258581 0.052564102564102565 0.2585812356979405
0 0.2865384615384615 0.8123569794050344 0.09615384615384616 0.2562929061784897
0 0.20064102564102565 0.7929061784897025 0.09358974358974359 0.2768878718535469
0 0.12692307692307692 0.799771167048055 0.1564102564102564 0.2906178489702517
