0 0.7762962962962963 0.3186111111111111 0.11555555555555555 0.02388888888888889
0 0.6651851851851852 0.31416666666666665 0.13037037037037036 0.026111111111111113
0 0.25703703703703706 0.2652777777777778 0.05185185185185185 0.025
0 0.22740740740740742 0.3161111111111111 0.06962962962962962 0.03333333333333333
0 0.9185185185185185 0.6369444444444444 0.09777777777777778 0.05277777777777778
0 0.6318518518518519 0.6527777777777778 0.16148148148148148 0.034444444444444444
0 0.3422222222222222 0.6444444444444445 0.12444444444444444 0.03333333333333333
0 0.22148148148148147 0.6494444444444445 0.057777777777777775 0.03666666666666667
0 0.1874074074074074 0.9819444444444444 0.0874074074074074 0.03166666666666667
0 0.30444444444444446 0.9825 0.07851851851851852 0.030555555555555555
0 0.6370370370370371 0.9836111111111111 0.13037037037037036 0.030555555555555555
0 0.7733333333333333 0.9025 0.1037037037037037 0.02388888888888889
