0 0.7755555555555556 0.31027777777777776 0.09925925925925926 0.03722222222222222
0 0.6874074074074074 0.31055555555555553 0.1274074074074074 0.035555555555555556
0 0.2903703703703704 0.28694444444444445 0.07407407407407407 0.058333333333333334
0 0.21407407407407408 0.3136111111111111 0.1111111111111111 0.035
0 0.26 0.6388888888888888 0.08148148148148149 0.04555555555555556
0 0.19703703703703704 0.655 0.09481481481481481 0.02666666666666667
0 0.7540740740740741 0.6511111111111111 0.08592592592592592 0.03222222222222222
0 0.8281481481481482 0.6272222222222222 0.07407407407407407 0.056666666666666664
0 0.82 0.9741666666666666 0.09037037037037036 0.03611111111111111
0 0.7414814814814815 0.9827777777777778 0.0874074074074074 0.03
0 0.29555555555555557 0.9733333333333334 0.1259259259259259 0.02666666666666667
0 0.1674074074074074 0.9777777777777777 0.08 0.035555555555555556
