0 0.86125 0.9488888888888889 0.105 0.06222222222222222
0 0.74 0.9288888888888889 0.0425 0.10222222222222223
0 0.69 0.9188888888888889 0.05 0.10444444444444445
0 0.601875 0.9511111111111111 0.05875 0.07111111111111111
0 0.55625 0.9044444444444445 0.0725 0.08
0 0.406875 0.9277777777777778 0.09875 0.09555555555555556
0 0.32125 0.9344444444444444 0.055 0.1
0 0.213125 0.88 0.09125 0.06666666666666667
0 0.13625 0.9255555555555556 0.095 0.10444444444444445
0 0.03875 0.9066666666666666 0.075 0.11555555555555555
